a<-5
a
b<-5
b
